1 100 400 0 
1 150 400 0
1 200 400 0 
1 250 400 0 
1 300 400 0
1 350 400 0
1 500 200 0 
1 550 200 0
1 600 200 0 
1 650 200 0 
1 700 200 0
1 750 400 0 
1 800 400 0
1 850 400 0 
1 900 400 0 
1 950 400 0
1 1000 400 0
1 1050 200 0 
1 1100 200 0
1 1150 200 0 
1 1200 200 0 
1 1250 200 0
1 1300 200 0
1 1350 400 0 
1 1400 400 0
1 1450 400 0
1 1500 400 0 
1 1550 400 0
1 1600 200 0
1 1650 200 0
1 1700 200 0
1 1750 200 0
1 1800 200 0
2 250 432 0
2 500 432 0
2 750 432 0
2 1000 432 0
2 1300 432 0
2 1600 432 0
2 2000 432 0
2 450 0 0
2 700 0 0
2 1100 0 0
2 1400 0 0
3 550 220 45
3 950 220 45
3 1350 220 45
3 1750 220 0
3 2150 220 90